17-May-2016 15:10:07 CEST  Initiating request to open file root://xrootd-cms.infn.it//store/mc/RunIISpring15DR74/ReggeGribovPartonMC_13TeV-EPOS/GEN-SIM-RECODEBUG/PU1p3RealisticRecodebug_castor_741_p1_mcRun2_Realistic_50ns_v0-v2/40000/62BC2096-5A6B-E511-9B61-00266CF9C018.root
%MSG-w XrdAdaptor:  file_open 17-May-2016 15:10:13 CEST pre-events
Data is served from desy.de instead of original site infn.it
%MSG
17-May-2016 15:10:14 CEST  Successfully opened file root://xrootd-cms.infn.it//store/mc/RunIISpring15DR74/ReggeGribovPartonMC_13TeV-EPOS/GEN-SIM-RECODEBUG/PU1p3RealisticRecodebug_castor_741_p1_mcRun2_Realistic_50ns_v0-v2/40000/62BC2096-5A6B-E511-9B61-00266CF9C018.root
you are going to run on EPOS-38T-PU1p3

Begin processing the 1st record. Run 1, Event 723630, LumiSection 3765 at 17-May-2016 15:10:52.760 CEST
Begin processing the 2001st record. Run 1, Event 862512, LumiSection 4487 at 17-May-2016 15:11:46.948 CEST
Begin processing the 4001st record. Run 1, Event 1959568, LumiSection 10193 at 17-May-2016 15:12:31.913 CEST
Begin processing the 6001st record. Run 1, Event 2858222, LumiSection 14868 at 17-May-2016 15:13:18.587 CEST
Begin processing the 8001st record. Run 1, Event 6883630, LumiSection 35806 at 17-May-2016 15:14:05.723 CEST
Number of events written in the tree: 10000
Begin processing the 10001st record. Run 1, Event 8691242, LumiSection 45209 at 17-May-2016 15:14:49.530 CEST
Begin processing the 12001st record. Run 1, Event 9145414, LumiSection 47571 at 17-May-2016 15:15:35.832 CEST
Begin processing the 14001st record. Run 1, Event 9692635, LumiSection 50417 at 17-May-2016 15:16:20.706 CEST
17-May-2016 15:16:32 CEST  Closed file root://xrootd-cms.infn.it//store/mc/RunIISpring15DR74/ReggeGribovPartonMC_13TeV-EPOS/GEN-SIM-RECODEBUG/PU1p3RealisticRecodebug_castor_741_p1_mcRun2_Realistic_50ns_v0-v2/40000/62BC2096-5A6B-E511-9B61-00266CF9C018.root
17-May-2016 15:16:32 CEST  Initiating request to open file root://xrootd-cms.infn.it//store/mc/RunIISpring15DR74/ReggeGribovPartonMC_13TeV-EPOS/GEN-SIM-RECODEBUG/PU1p3RealisticRecodebug_castor_741_p1_mcRun2_Realistic_50ns_v0-v2/40000/74211F65-5C6B-E511-BAB3-00266CFAE074.root
%MSG-w XrdAdaptor:  file_open 17-May-2016 15:16:32 CEST PostProcessEvent
Data is served from desy.de instead of original site infn.it
%MSG
17-May-2016 15:16:32 CEST  Successfully opened file root://xrootd-cms.infn.it//store/mc/RunIISpring15DR74/ReggeGribovPartonMC_13TeV-EPOS/GEN-SIM-RECODEBUG/PU1p3RealisticRecodebug_castor_741_p1_mcRun2_Realistic_50ns_v0-v2/40000/74211F65-5C6B-E511-BAB3-00266CFAE074.root
Begin processing the 16001st record. Run 1, Event 101360, LumiSection 528 at 17-May-2016 15:17:07.710 CEST
Begin processing the 18001st record. Run 1, Event 484784, LumiSection 2522 at 17-May-2016 15:17:51.899 CEST
Number of events written in the tree: 20000
Begin processing the 20001st record. Run 1, Event 765931, LumiSection 3985 at 17-May-2016 15:18:39.502 CEST
Begin processing the 22001st record. Run 1, Event 1104753, LumiSection 5747 at 17-May-2016 15:19:25.114 CEST
Begin processing the 24001st record. Run 1, Event 1591223, LumiSection 8277 at 17-May-2016 15:20:11.272 CEST
Begin processing the 26001st record. Run 1, Event 1662433, LumiSection 8648 at 17-May-2016 15:20:58.084 CEST
Begin processing the 28001st record. Run 1, Event 5040343, LumiSection 26218 at 17-May-2016 15:21:41.255 CEST
17-May-2016 15:22:09 CEST  Closed file root://xrootd-cms.infn.it//store/mc/RunIISpring15DR74/ReggeGribovPartonMC_13TeV-EPOS/GEN-SIM-RECODEBUG/PU1p3RealisticRecodebug_castor_741_p1_mcRun2_Realistic_50ns_v0-v2/40000/74211F65-5C6B-E511-BAB3-00266CFAE074.root
17-May-2016 15:22:09 CEST  Initiating request to open file root://xrootd-cms.infn.it//store/mc/RunIISpring15DR74/ReggeGribovPartonMC_13TeV-EPOS/GEN-SIM-RECODEBUG/PU1p3RealisticRecodebug_castor_741_p1_mcRun2_Realistic_50ns_v0-v2/40000/76CA3140-5A6B-E511-9F1D-00266CFAE268.root
%MSG-w XrdAdaptor:  file_open 17-May-2016 15:22:09 CEST PostProcessEvent
Data is served from desy.de instead of original site infn.it
%MSG
17-May-2016 15:22:09 CEST  Successfully opened file root://xrootd-cms.infn.it//store/mc/RunIISpring15DR74/ReggeGribovPartonMC_13TeV-EPOS/GEN-SIM-RECODEBUG/PU1p3RealisticRecodebug_castor_741_p1_mcRun2_Realistic_50ns_v0-v2/40000/76CA3140-5A6B-E511-9F1D-00266CFAE268.root
Number of events written in the tree: 30000
Begin processing the 30001st record. Run 1, Event 6904092, LumiSection 35913 at 17-May-2016 15:22:31.349 CEST
Begin processing the 32001st record. Run 1, Event 7482842, LumiSection 38923 at 17-May-2016 15:23:16.049 CEST
%MSG-w BasicTrajectoryState:  TrackRefitter:TrackRefitter  17-May-2016 15:23:51 CEST Run: 1 Event: 7945893
local error not pos-def
[  3.96658e-05-6.24482e-05 1.47237e-05 2.84237e-08-0.000482493
  -6.24482e-05 0.000101092-2.18286e-05-1.69022e-06 0.000646431
   1.47237e-05-2.18286e-05 5.26007e-06-5.25903e-08-7.06704e-05
   2.84237e-08-1.69022e-06-5.25903e-08 1.91821e-05 1.13973e-05
  -0.000482493 0.000646431-7.06704e-05 1.13973e-05 -0.00188812 ]
pos/mom/mf  (-28.4258,65.2103,-86.5144)   (18.7014,-15.8241,-6.21252)   (0.00512814,-0.0117642,3.80005) 
%MSG
%MSG-w BasicTrajectoryState:  TrackRefitter:TrackRefitter  17-May-2016 15:23:51 CEST Run: 1 Event: 7945893
curv error not pos-def
[  3.96658e-05-1.33778e-06 5.20981e-05-4.36396e-05 0.000460314
  -1.33778e-06 3.85681e-07-4.49176e-07-5.24382e-06 5.20287e-05
   5.20981e-05-4.49176e-07  7.0119e-05-4.94608e-05 0.000508697
  -4.36396e-05-5.24382e-06-4.94608e-05-1.71029e-06 0.000175887
   0.000460314 5.20287e-05 0.000508697 0.000175887 -0.00171343 ]
pos/mom/mf  (-28.4258,65.2103,-86.5144)   (18.7014,-15.8241,-6.21252)   (0.00512814,-0.0117642,3.80005) 
%MSG
%MSG-w BasicTrajectoryState:  TrackRefitter:TrackRefitter  17-May-2016 15:23:51 CEST Run: 1 Event: 7945893
curv error not pos-def
[  3.96658e-05-1.33741e-06 5.23212e-05-6.86364e-05 0.000460971
  -1.33741e-06 3.85658e-07-4.56216e-07-5.03066e-06 5.18423e-05
   5.23212e-05-4.56216e-07 7.07064e-05-8.34824e-05 0.000511508
  -6.86364e-05-5.03066e-06-8.34824e-05  6.1836e-05-6.54606e-05
   0.000460971 5.18423e-05 0.000511508-6.54606e-05 -0.00176468 ]
pos/mom/mf  (-28.7909,65.5192,-86.3931)   (18.7049,-15.82,-6.21252)   (0.00518669,-0.0118033,3.80015) 
%MSG
%MSG-w BasicTrajectoryState:  TrackRefitter:TrackRefitter  17-May-2016 15:23:51 CEST Run: 1 Event: 7945893
local error not pos-def
[  3.96658e-05-6.39022e-05-8.44961e-06-7.58284e-05-0.000483734
  -6.39022e-05 0.000105427 1.19907e-05 0.000112523 0.000655553
  -8.44961e-06 1.19907e-05 1.89276e-06 5.57625e-06 6.98196e-06
  -7.58284e-05 0.000112523 5.57625e-06 7.54316e-05 8.26051e-05
  -0.000483734 0.000655553 6.98196e-06 8.26051e-05 -0.00186134 ]
pos/mom/mf  (-28.7909,65.5192,-86.3931)   (18.7049,-15.82,-6.21252)   (0.00518669,-0.0118033,3.80015) 
%MSG
%MSG-w BasicTrajectoryState:  TrackRefitter:TrackRefitter  17-May-2016 15:23:51 CEST Run: 1 Event: 7945893
local error not pos-def
[  2.96111e-06-9.43332e-06-5.75033e-06-3.93144e-05-0.000443747
  -9.43332e-06 2.46102e-05 7.98637e-06 5.83395e-05 0.000596216
  -5.75033e-06 7.98637e-06 1.70377e-06  2.8911e-06 4.04145e-06
  -3.93144e-05 5.83395e-05  2.8911e-06 3.91087e-05 4.28279e-05
  -0.000443747 0.000596216 4.04145e-06 4.28279e-05  -0.0019049 ]
pos/mom/mf  (-28.9172,65.4612,-86.2409)   (4.63624,-2.81663,-1.30488)   (0.00520093,-0.0117736,3.80021) 
%MSG
%MSG-w BasicTrajectoryState:  TrackRefitter:TrackRefitter  17-May-2016 15:23:51 CEST Run: 1 Event: 7945893
curv error not pos-def
[  2.96111e-06-3.50857e-06 6.21833e-06-3.25441e-05 0.000426285
  -3.50857e-06-9.09651e-10-2.54405e-06-3.21921e-06 5.75649e-05
   6.21833e-06-2.54405e-06 1.11118e-05-3.30948e-05 0.000393455
  -3.25441e-05-3.21921e-06-3.30948e-05 2.68384e-05-3.03651e-05
   0.000426285 5.75649e-05 0.000393455-3.03651e-05 -0.00181088 ]
pos/mom/mf  (-28.9172,65.4612,-86.2409)   (4.63624,-2.81663,-1.30488)   (0.00520093,-0.0117736,3.80021) 
%MSG
%MSG-w BasicTrajectoryState:  TrackRefitter:TrackRefitter  17-May-2016 15:23:51 CEST Run: 1 Event: 7945893
curv error not pos-def
[  2.96111e-06-3.50798e-06 6.41176e-06-6.91228e-05 0.000446359
  -3.50798e-06-1.98455e-09-2.77319e-06 1.15072e-05 5.76539e-05
   6.41176e-06-2.77319e-06 1.19384e-05-0.000102116 0.000437218
  -6.91228e-05 1.15072e-05-0.000102116 0.000784089 -0.00237238
   0.000446359 5.76539e-05 0.000437218 -0.00237238 -0.00248116 ]
pos/mom/mf  (-33.7219,68.3416,-84.8935)   (4.66911,-2.76186,-1.30475)   (0.00596976,-0.0120985,3.80136) 
%MSG
%MSG-w BasicTrajectoryState:  TrackRefitter:TrackRefitter  17-May-2016 15:23:51 CEST Run: 1 Event: 7945893
local error not pos-def
[  2.96111e-06-8.89843e-06-5.33169e-06-7.95996e-05-0.000468581
  -8.89843e-06 2.21602e-05 7.09172e-06 0.000159043 0.000617134
  -5.33169e-06 7.09172e-06  1.3725e-06 3.50732e-05 3.23184e-06
  -7.95996e-05 0.000159043 3.50732e-05  0.00103944  0.00293272
  -0.000468581 0.000617134 3.23184e-06  0.00293272 -0.00194068 ]
pos/mom/mf  (-33.7219,68.3416,-84.8935)   (4.66911,-2.76186,-1.30475)   (0.00596976,-0.0120985,3.80136) 
%MSG
%MSG-w BasicTrajectoryState:  TrackRefitter:TrackRefitter  17-May-2016 15:23:51 CEST Run: 1 Event: 7945893
local error not pos-def
[ -3.01491e-06 3.23689e-06-2.65554e-06-2.88656e-07-0.000244808
   3.23689e-06-1.64162e-06 1.79771e-06 5.76745e-07 0.000170027
  -2.65554e-06 1.79771e-06 5.54916e-07 1.27187e-07-9.53669e-05
  -2.88656e-07 5.76745e-07 1.27187e-07 3.76935e-06 1.06351e-05
  -0.000244808 0.000170027-9.53669e-05 1.06351e-05  -0.0101852 ]
pos/mom/mf  (-35.0535,67.5826,-80.5688)   (3.04033,-1.19599,-0.836345)   (0.00591231,-0.0113988,3.80283) 
%MSG
%MSG-w BasicTrajectoryState:  TrackRefitter:TrackRefitter  17-May-2016 15:23:51 CEST Run: 1 Event: 7945893
curv error not pos-def
[ -3.01491e-06-2.32171e-06-2.17052e-06-2.10309e-07 0.000237112
  -2.32171e-06-3.47725e-08-9.89898e-07 2.50819e-08  8.6892e-05
  -2.17052e-06-9.89898e-07-7.86437e-07-2.53036e-07 0.000108171
  -2.10309e-07 2.50819e-08-2.53036e-07 2.28657e-06-8.15661e-06
   0.000237112  8.6892e-05 0.000108171-8.15661e-06 -0.00956162 ]
pos/mom/mf  (-35.0535,67.5826,-80.5688)   (3.04033,-1.19599,-0.836345)   (0.00591231,-0.0113988,3.80283) 
%MSG
%MSG-w BasicTrajectoryState:  TrackRefitter:TrackRefitter  17-May-2016 15:23:51 CEST Run: 1 Event: 7945893
curv error not pos-def
[ -3.01491e-06-2.33114e-06 -4.8935e-06 0.000260183 0.000436289
  -2.33114e-06-4.83746e-08-3.12357e-06 0.000159245 9.57739e-05
   -4.8935e-06-3.12357e-06-7.21875e-06 0.000369259  0.00059144
   0.000260183 0.000159245 0.000369259  -0.0185118  -0.0300619
   0.000436289 9.57739e-05  0.00059144  -0.0300619  -0.0258873 ]
pos/mom/mf  (-112.323,86.1132,-60.1888)   (3.25268,-0.312348,-0.834241)   (0.0137401,-0.0105459,3.8216) 
%MSG
%MSG-w BasicTrajectoryState:  TrackRefitter:TrackRefitter  17-May-2016 15:23:51 CEST Run: 1 Event: 7945893
local error not pos-def
[ -3.01491e-06 -4.9887e-06-3.28353e-06 0.000287527 0.000481518
   -4.9887e-06-7.64819e-06-4.81981e-06 0.000421852  0.00070036
  -3.28353e-06-4.81981e-06-1.02155e-06  0.00025278 0.000214693
   0.000287527 0.000421852  0.00025278  -0.0226071  -0.0367418
   0.000481518  0.00070036 0.000214693  -0.0367418    -0.03529 ]
pos/mom/mf  (-112.323,86.1132,-60.1888)   (3.25268,-0.312348,-0.834241)   (0.0137401,-0.0105459,3.8216) 
%MSG
%MSG-w BasicTrajectoryState:  TrackRefitter:TrackRefitter  17-May-2016 15:23:51 CEST Run: 1 Event: 7945893
local error not pos-def
[  1.52745e-05-2.72183e-05 9.61188e-06-6.29819e-06-0.000473766
  -2.72183e-05 4.99344e-05 -1.4181e-05 7.05068e-06 0.000614378
   9.61188e-06 -1.4181e-05 3.91496e-06-9.59653e-07-4.89786e-05
  -6.29819e-06 7.05068e-06-9.59653e-07 1.68434e-05-1.65758e-05
  -0.000473766 0.000614378-4.89786e-05-1.65758e-05 -0.00334452 ]
pos/mom/mf  (-29.2145,64.849,-76.1044)   (3.99028,-1.83451,-1.40515)   (0.00468078,-0.0103902,3.80356) 
%MSG
%MSG-w BasicTrajectoryState:  TrackRefitter:TrackRefitter  17-May-2016 15:23:51 CEST Run: 1 Event: 7945893
curv error not pos-def
[  1.52745e-05-6.90339e-07 1.57247e-05-3.11169e-05 0.000441422
  -6.90339e-07-2.87658e-08 5.35893e-07-6.71039e-06 9.03186e-05
   1.57247e-05 5.35893e-07 1.66995e-05-2.39667e-05 0.000333142
  -3.11169e-05-6.71039e-06-2.39667e-05-7.67848e-06 0.000227439
   0.000441422 9.03186e-05 0.000333142 0.000227439 -0.00288682 ]
pos/mom/mf  (-29.2145,64.849,-76.1044)   (3.99028,-1.83451,-1.40515)   (0.00468078,-0.0103902,3.80356) 
%MSG
%MSG-w BasicTrajectoryState:  TrackRefitter:TrackRefitter  17-May-2016 15:23:51 CEST Run: 1 Event: 7945893
local error not pos-def
[  1.71254e-06-8.04329e-06-6.10822e-06 -4.1558e-05-0.000481007
  -8.04329e-06  2.2292e-05 7.69059e-06 5.60623e-05  0.00058116
  -6.10822e-06 7.69059e-06  9.2321e-07-2.25362e-06 -6.0543e-05
   -4.1558e-05 5.60623e-05-2.25362e-06 4.61879e-06-0.000386756
  -0.000481007  0.00058116 -6.0543e-05-0.000386756 -0.00734469 ]
pos/mom/mf  (-32.6793,63.7397,-30.3678)   (1.15747,-1.11592,-1.42095)   (0.00225628,-0.00440078,3.81387) 
%MSG
%MSG-w BasicTrajectoryState:  TrackRefitter:TrackRefitter  17-May-2016 15:23:51 CEST Run: 1 Event: 7945893
curv error not pos-def
[  1.71254e-06-1.83718e-06 8.73292e-06-3.86764e-05  0.00035036
  -1.83718e-06 -4.6915e-07 2.44336e-07-9.88478e-06 9.44904e-05
   8.73292e-06 2.44336e-07 2.03609e-05-4.39715e-05 0.000346236
  -3.86764e-05-9.88478e-06-4.39715e-05  4.0352e-06 0.000270635
    0.00035036 9.44904e-05 0.000346236 0.000270635 -0.00398291 ]
pos/mom/mf  (-32.6793,63.7397,-30.3678)   (1.15747,-1.11592,-1.42095)   (0.00225628,-0.00440078,3.81387) 
%MSG
%MSG-w BasicTrajectoryState:  TrackRefitter:TrackRefitter  17-May-2016 15:23:51 CEST Run: 1 Event: 7945893
local error not pos-def
[ -3.96841e-06 4.00417e-06-3.27654e-06 -3.4999e-07-0.000302678
   4.00417e-06-2.26846e-06 2.30631e-06 6.26851e-07 0.000217205
  -3.27654e-06 2.30631e-06 1.16388e-07 8.89358e-08-0.000133637
   -3.4999e-07 6.26851e-07 8.89358e-08   3.763e-06  6.6355e-06
  -0.000302678 0.000217205-0.000133637  6.6355e-06   -0.013762 ]
pos/mom/mf  (-35.0492,67.5847,-84.3676)   (-2.36859,0.871536,0.51976)   (0.00616922,-0.011896,3.80153) 
%MSG
%MSG-w BasicTrajectoryState:  TrackRefitter:TrackRefitter  17-May-2016 15:23:51 CEST Run: 1 Event: 7945893
curv error not pos-def
[ -3.96841e-06 2.79333e-06-2.07173e-06 2.49264e-07 0.000296407
   2.79333e-06-2.87757e-07 1.01269e-06 1.04819e-08-0.000116721
  -2.07173e-06 1.01269e-06-5.58604e-07 2.86113e-07 0.000112411
   2.49264e-07 1.04819e-08 2.86113e-07 2.20109e-06 5.41902e-06
   0.000296407-0.000116721 0.000112411 5.41902e-06  -0.0132033 ]
pos/mom/mf  (-35.0492,67.5847,-84.3676)   (-2.36859,0.871536,0.51976)   (0.00616922,-0.011896,3.80153) 
%MSG
Begin processing the 34001st record. Run 1, Event 8167714, LumiSection 42485 at 17-May-2016 15:24:00.345 CEST
Begin processing the 36001st record. Run 1, Event 8629576, LumiSection 44888 at 17-May-2016 15:24:42.572 CEST
17-May-2016 15:25:19 CEST  Closed file root://xrootd-cms.infn.it//store/mc/RunIISpring15DR74/ReggeGribovPartonMC_13TeV-EPOS/GEN-SIM-RECODEBUG/PU1p3RealisticRecodebug_castor_741_p1_mcRun2_Realistic_50ns_v0-v2/40000/76CA3140-5A6B-E511-9F1D-00266CFAE268.root
17-May-2016 15:25:19 CEST  Initiating request to open file root://xrootd-cms.infn.it//store/mc/RunIISpring15DR74/ReggeGribovPartonMC_13TeV-EPOS/GEN-SIM-RECODEBUG/PU1p3RealisticRecodebug_castor_741_p1_mcRun2_Realistic_50ns_v0-v2/40000/847BBC41-5A6B-E511-8A98-00266CF9C018.root
%MSG-w XrdAdaptor:  file_open 17-May-2016 15:25:19 CEST PostProcessEvent
Data is served from desy.de instead of original site infn.it
%MSG
17-May-2016 15:25:19 CEST  Successfully opened file root://xrootd-cms.infn.it//store/mc/RunIISpring15DR74/ReggeGribovPartonMC_13TeV-EPOS/GEN-SIM-RECODEBUG/PU1p3RealisticRecodebug_castor_741_p1_mcRun2_Realistic_50ns_v0-v2/40000/847BBC41-5A6B-E511-8A98-00266CF9C018.root
Begin processing the 38001st record. Run 1, Event 267932, LumiSection 1394 at 17-May-2016 15:25:31.242 CEST
Number of events written in the tree: 40000
Begin processing the 40001st record. Run 1, Event 1038163, LumiSection 5401 at 17-May-2016 15:26:18.562 CEST
Begin processing the 42001st record. Run 1, Event 1486952, LumiSection 7735 at 17-May-2016 15:27:04.983 CEST
Begin processing the 44001st record. Run 1, Event 2169517, LumiSection 11285 at 17-May-2016 15:27:51.229 CEST
Begin processing the 46001st record. Run 1, Event 2288405, LumiSection 11904 at 17-May-2016 15:28:36.031 CEST
Begin processing the 48001st record. Run 1, Event 3500811, LumiSection 18210 at 17-May-2016 15:29:22.168 CEST
Number of events written in the tree: 50000
Begin processing the 50001st record. Run 1, Event 4933151, LumiSection 25661 at 17-May-2016 15:30:07.542 CEST
17-May-2016 15:30:38 CEST  Closed file root://xrootd-cms.infn.it//store/mc/RunIISpring15DR74/ReggeGribovPartonMC_13TeV-EPOS/GEN-SIM-RECODEBUG/PU1p3RealisticRecodebug_castor_741_p1_mcRun2_Realistic_50ns_v0-v2/40000/847BBC41-5A6B-E511-8A98-00266CF9C018.root
17-May-2016 15:30:38 CEST  Initiating request to open file root://xrootd-cms.infn.it//store/mc/RunIISpring15DR74/ReggeGribovPartonMC_13TeV-EPOS/GEN-SIM-RECODEBUG/PU1p3RealisticRecodebug_castor_741_p1_mcRun2_Realistic_50ns_v0-v2/40000/AEE93691-5C6B-E511-A162-00266CFADE34.root
%MSG-w XrdAdaptor:  file_open 17-May-2016 15:30:38 CEST PostProcessEvent
Data is served from desy.de instead of original site infn.it
%MSG
17-May-2016 15:30:38 CEST  Successfully opened file root://xrootd-cms.infn.it//store/mc/RunIISpring15DR74/ReggeGribovPartonMC_13TeV-EPOS/GEN-SIM-RECODEBUG/PU1p3RealisticRecodebug_castor_741_p1_mcRun2_Realistic_50ns_v0-v2/40000/AEE93691-5C6B-E511-A162-00266CFADE34.root
Begin processing the 52001st record. Run 1, Event 30469, LumiSection 159 at 17-May-2016 15:30:54.458 CEST
Begin processing the 54001st record. Run 1, Event 1152133, LumiSection 5993 at 17-May-2016 15:31:34.616 CEST
Begin processing the 56001st record. Run 1, Event 1422514, LumiSection 7400 at 17-May-2016 15:32:14.781 CEST
Begin processing the 58001st record. Run 1, Event 8703868, LumiSection 45274 at 17-May-2016 15:32:54.493 CEST
Number of events written in the tree: 60000
Begin processing the 60001st record. Run 1, Event 9258779, LumiSection 48161 at 17-May-2016 15:33:33.582 CEST
[2016-05-17 15:33:46.710343 +0200][Error  ][AsyncSock         ] [xrootd-cms.infn.it:1094 #0.0] Socket error encountered: [ERROR] Socket error: Resource temporarily unavailable
Begin processing the 62001st record. Run 1, Event 9395354, LumiSection 48871 at 17-May-2016 15:34:13.456 CEST
17-May-2016 15:34:34 CEST  Closed file root://xrootd-cms.infn.it//store/mc/RunIISpring15DR74/ReggeGribovPartonMC_13TeV-EPOS/GEN-SIM-RECODEBUG/PU1p3RealisticRecodebug_castor_741_p1_mcRun2_Realistic_50ns_v0-v2/40000/AEE93691-5C6B-E511-A162-00266CFADE34.root
n track max = 328
n particle max = 1171
n HF tower max = 597
n HF rechit max = 906
n vertex max = 7
Number of events written in the tree: 63058

=============================================

MessageLogger Summary

 type     category        sev    module        subroutine        count    total
 ---- -------------------- -- ---------------- ----------------  -----    -----
    1 BasicTrajectoryState -w TrackRefitter:Tr                      18       18
    2 XrdAdaptor           -w file_open                              5        5
    3 fileAction           -s file_close                             5        5
    4 fileAction           -s file_open                             10       10

 type    category    Examples: run/evt        run/evt          run/evt
 ---- -------------------- ---------------- ---------------- ----------------
    1 BasicTrajectoryState 1/7945893        1/7945893        1/7945893
    2 XrdAdaptor           pre-events       PostProcessEvent PostProcessEvent
    3 fileAction           PostProcessEvent PostProcessEvent PostEndRun
    4 fileAction           pre-events       pre-events       PostProcessEvent

Severity    # Occurrences   Total Occurrences
--------    -------------   -----------------
Warning                23                  23
System                 15                  15
