# Conditions read from  CMS_CONDITIONS  via FrontierProd 
09-May-2016 13:30:43 CEST  Initiating request to open file root://xrootd-cms.infn.it//store/data/Run2015B/ZeroBias3/RECO/16Oct2015-v1/10000/7E96ADBC-A878-E511-9EF7-0025905A60E4.root
%MSG-w XrdAdaptor:  file_open 09-May-2016 13:30:45 CEST pre-events
Data is served from lnl.infn.it instead of original site infn.it
%MSG
09-May-2016 13:30:46 CEST  Successfully opened file root://xrootd-cms.infn.it//store/data/Run2015B/ZeroBias3/RECO/16Oct2015-v1/10000/7E96ADBC-A878-E511-9EF7-0025905A60E4.root
you are going to run on data-38T

09-May-2016 13:30:57 CEST  Closed file root://xrootd-cms.infn.it//store/data/Run2015B/ZeroBias3/RECO/16Oct2015-v1/10000/7E96ADBC-A878-E511-9EF7-0025905A60E4.root
09-May-2016 13:30:57 CEST  Initiating request to open file root://xrootd-cms.infn.it//store/data/Run2015B/ZeroBias3/RECO/16Oct2015-v1/10000/7ECC64C5-B278-E511-B08E-003048FFD756.root
%MSG-w XrdAdaptor:  file_open 09-May-2016 13:30:58 CEST BeforeEvents
Data is served from lnl.infn.it instead of original site infn.it
%MSG
09-May-2016 13:30:58 CEST  Successfully opened file root://xrootd-cms.infn.it//store/data/Run2015B/ZeroBias3/RECO/16Oct2015-v1/10000/7ECC64C5-B278-E511-B08E-003048FFD756.root
09-May-2016 13:31:13 CEST  Closed file root://xrootd-cms.infn.it//store/data/Run2015B/ZeroBias3/RECO/16Oct2015-v1/10000/7ECC64C5-B278-E511-B08E-003048FFD756.root
09-May-2016 13:31:13 CEST  Initiating request to open file root://xrootd-cms.infn.it//store/data/Run2015B/ZeroBias3/RECO/16Oct2015-v1/10000/7EF8D80C-A878-E511-BB79-0025905A7786.root
%MSG-w XrdAdaptor:  file_open 09-May-2016 13:31:36 CEST BeforeEvents
Data is served from lnl.infn.it instead of original site infn.it
%MSG
09-May-2016 13:31:36 CEST  Successfully opened file root://xrootd-cms.infn.it//store/data/Run2015B/ZeroBias3/RECO/16Oct2015-v1/10000/7EF8D80C-A878-E511-BB79-0025905A7786.root
09-May-2016 13:31:38 CEST  Closed file root://xrootd-cms.infn.it//store/data/Run2015B/ZeroBias3/RECO/16Oct2015-v1/10000/7EF8D80C-A878-E511-BB79-0025905A7786.root
09-May-2016 13:31:38 CEST  Initiating request to open file root://xrootd-cms.infn.it//store/data/Run2015B/ZeroBias3/RECO/16Oct2015-v1/10000/80929839-6079-E511-98A0-0025905A60FE.root
%MSG-w XrdAdaptor:  file_open 09-May-2016 13:31:41 CEST BeforeEvents
Data is served from lnl.infn.it instead of original site infn.it
%MSG
09-May-2016 13:31:43 CEST  Successfully opened file root://xrootd-cms.infn.it//store/data/Run2015B/ZeroBias3/RECO/16Oct2015-v1/10000/80929839-6079-E511-98A0-0025905A60FE.root
%MSG-w XrdAdaptor:  (NoModuleName) 09-May-2016 13:31:55 CEST pre-events
Data is now served from lnl.infn.it, fnal.gov instead of previous lnl.infn.it
%MSG
%MSG-w XrdAdaptor:  AfterFile 09-May-2016 13:32:43 CEST BeforeEvents
Data is now served from fnal.gov instead of previous lnl.infn.it, fnal.gov
%MSG
L1 Technical Trigger L1Tech_BPTX_PreBPTX.v0 is present with bit number 16
L1 Technical Trigger L1Tech_BPTX_minus.v0 is present with bit number 2
L1 Technical Trigger L1Tech_BPTX_minus_AND_not_plus.v0 is present with bit number 6
L1 Technical Trigger L1Tech_BPTX_plus.v0 is present with bit number 1
L1 Technical Trigger L1Tech_BPTX_plus_AND_NOT_minus.v0 is present with bit number 5
L1 Technical Trigger L1Tech_BPTX_plus_AND_minus.v0 is present with bit number 0
L1 Technical Trigger L1Tech_BPTX_plus_AND_minus_instance1.v0 is present with bit number 4
L1 Technical Trigger L1Tech_BPTX_plus_OR_minus.v0 is present with bit number 3
L1 Technical Trigger L1Tech_BPTX_quiet.v0 is present with bit number 7
L1 Technical Trigger L1Tech_CASTOR_Gap.v0 is present with bit number 56
L1 Technical Trigger L1Tech_CASTOR_HaloMuon.v0 is present with bit number 59
L1 Technical Trigger L1Tech_CASTOR_HighJet.v0 is present with bit number 57
L1 Technical Trigger L1Tech_CASTOR_MediumJet.v0 is present with bit number 58
L1 Technical Trigger L1Tech_DT_GlobalOR.v0 is present with bit number 20
L1 Technical Trigger L1Tech_HCAL_HBHE_totalOR.v0 is present with bit number 12
L1 Technical Trigger L1Tech_HCAL_HF_MMP_or_MPP.v1 is present with bit number 10
L1 Technical Trigger L1Tech_HCAL_HF_coincidence_PM.v2 is present with bit number 9
L1 Technical Trigger L1Tech_HCAL_HF_single_channel.v0 is present with bit number 8
L1 Technical Trigger L1Tech_HCAL_HO_totalOR.v0 is present with bit number 11
L1 Technical Trigger L1Tech_RPC_TTU_RBplus1_Cosmics.v0 is present with bit number 27
L1 Technical Trigger L1Tech_RPC_TTU_RBplus2_Cosmics.v0 is present with bit number 26
L1 Technical Trigger L1Tech_RPC_TTU_barrel_Cosmics.v0 is present with bit number 24
L1 Technical Trigger L1Tech_RPC_TTU_pointing_Cosmics.v0 is present with bit number 25
L1 Technical Trigger L1Tech_TOTEM_0 is present with bit number 52
L1 Technical Trigger L1Tech_TOTEM_1 is present with bit number 53
L1 Technical Trigger L1Tech_TOTEM_2 is present with bit number 54
L1 Technical Trigger L1Tech_TOTEM_3 is present with bit number 55
L1 Technical Trigger L1Tech__TTU_RB0_Cosmics.v0 is present with bit number 28

element 0 contains Technical Trigger L1Tech_BPTX_minus_AND_not_plus.v0 with bit number 6
element 1 contains Technical Trigger L1Tech_BPTX_plus_AND_NOT_minus.v0 with bit number 5
element 2 contains Technical Trigger L1Tech_BPTX_plus_AND_minus.v0 with bit number 0
element 3 contains Technical Trigger L1Tech_BPTX_quiet.v0 with bit number 7

HLT configuration with process name HLT is valid

New trigger menu found
HLT_ZeroBias_part0_v1 with index 421 exists in the current menu
HLT_ZeroBias_part1_v1 with index 422 exists in the current menu
HLT_ZeroBias_part2_v1 with index 423 exists in the current menu
HLT_ZeroBias_part3_v1 with index 424 exists in the current menu
HLT_ZeroBias_part4_v1 with index 425 exists in the current menu
HLT_ZeroBias_part5_v1 with index 426 exists in the current menu
HLT_ZeroBias_part6_v1 with index 427 exists in the current menu
HLT_ZeroBias_part7_v1 with index 428 exists in the current menu
HLT_L1Tech5_BPTX_PlusOnly_v1 with index 429 exists in the current menu
HLT_L1Tech6_BPTX_MinusOnly_v1 with index 430 exists in the current menu
HLT_L1Tech7_NoBPTX_v1 with index 431 exists in the current menu

Begin processing the 1st record. Run 251721, Event 289225408, LumiSection 215 at 09-May-2016 13:33:09.051 CEST
Begin processing the 5001st record. Run 251721, Event 288339602, LumiSection 215 at 09-May-2016 13:37:03.690 CEST
Number of events written in the tree: 10000
Begin processing the 10001st record. Run 251721, Event 292554263, LumiSection 217 at 09-May-2016 13:40:54.046 CEST
Begin processing the 15001st record. Run 251721, Event 299579262, LumiSection 221 at 09-May-2016 13:44:55.102 CEST
09-May-2016 13:46:14 CEST  Closed file root://xrootd-cms.infn.it//store/data/Run2015B/ZeroBias3/RECO/16Oct2015-v1/10000/80929839-6079-E511-98A0-0025905A60FE.root
09-May-2016 13:46:14 CEST  Initiating request to open file root://xrootd-cms.infn.it//store/data/Run2015B/ZeroBias3/RECO/16Oct2015-v1/10000/827CC14B-5C79-E511-8AA3-0025905A60CA.root
%MSG-w XrdAdaptor:  file_open 09-May-2016 13:46:15 CEST PostProcessEvent
Data is served from lnl.infn.it instead of original site infn.it
%MSG
09-May-2016 13:46:15 CEST  Successfully opened file root://xrootd-cms.infn.it//store/data/Run2015B/ZeroBias3/RECO/16Oct2015-v1/10000/827CC14B-5C79-E511-8AA3-0025905A60CA.root
09-May-2016 13:46:22 CEST  Closed file root://xrootd-cms.infn.it//store/data/Run2015B/ZeroBias3/RECO/16Oct2015-v1/10000/827CC14B-5C79-E511-8AA3-0025905A60CA.root
09-May-2016 13:46:22 CEST  Initiating request to open file root://xrootd-cms.infn.it//store/data/Run2015B/ZeroBias3/RECO/16Oct2015-v1/10000/84374BFA-9D79-E511-BBE1-0025905B8562.root
%MSG-w XrdAdaptor:  file_open 09-May-2016 13:46:22 CEST PostProcessEvent
Data is served from lnl.infn.it instead of original site infn.it
%MSG
09-May-2016 13:46:23 CEST  Successfully opened file root://xrootd-cms.infn.it//store/data/Run2015B/ZeroBias3/RECO/16Oct2015-v1/10000/84374BFA-9D79-E511-BBE1-0025905B8562.root
09-May-2016 13:46:36 CEST  Closed file root://xrootd-cms.infn.it//store/data/Run2015B/ZeroBias3/RECO/16Oct2015-v1/10000/84374BFA-9D79-E511-BBE1-0025905B8562.root
09-May-2016 13:46:36 CEST  Initiating request to open file root://xrootd-cms.infn.it//store/data/Run2015B/ZeroBias3/RECO/16Oct2015-v1/10000/84AE3127-5F79-E511-8AD2-0026189438A9.root
%MSG-w XrdAdaptor:  file_open 09-May-2016 13:46:36 CEST PostProcessEvent
Data is served from lnl.infn.it instead of original site infn.it
%MSG
09-May-2016 13:46:37 CEST  Successfully opened file root://xrootd-cms.infn.it//store/data/Run2015B/ZeroBias3/RECO/16Oct2015-v1/10000/84AE3127-5F79-E511-8AD2-0026189438A9.root
%MSG-e RunLumiMerging:  source 09-May-2016 13:46:44 CEST PostProcessEvent
ProductHolderBase::mergeTheProduct
Two run/lumi products for the same run/lumi which should be equal are not
Using the first, ignoring the second
className = edm::ConditionsInRunBlock
moduleLabel = conditionsInEdm
instance = 
process = RECO

%MSG
%MSG-w XrdAdaptor:  (NoModuleName) 09-May-2016 13:46:49 CEST pre-events
Data is now served from lnl.infn.it, fnal.gov instead of previous lnl.infn.it
%MSG
Number of events written in the tree: 20000
Begin processing the 20001st record. Run 251721, Event 241182521, LumiSection 187 at 09-May-2016 13:49:41.567 CEST
%MSG-w BasicTrajectoryState:  TrackRefitter:TrackRefitter  09-May-2016 13:51:52 CEST Run: 251721 Event: 243305979
local error not pos-def
[  -6.2753e-06 7.73384e-06 1.09226e-05 3.26089e-05 0.000435038
   7.73384e-06 5.12712e-05 5.22088e-06 5.04464e-06 2.43041e-05
   1.09226e-05 5.22088e-06 5.39961e-05 5.89021e-06 0.000107475
   3.26089e-05 5.04464e-06 5.89021e-06 1.93142e-05 0.000172175
   0.000435038 2.43041e-05 0.000107475 0.000172175  0.00245545 ]
pos/mom/mf  (62.0362,-0.992265,70.1392)   (-0.654791,0.434502,0.148811)   (0.00880424,-0.000140823,3.80522) 
%MSG
%MSG-w BasicTrajectoryState:  TrackRefitter:TrackRefitter  09-May-2016 13:51:52 CEST Run: 251721 Event: 243305979
curv error not pos-def
[  -6.2753e-06 9.17777e-06-6.00249e-06-9.59244e-06-0.000429537
   9.17777e-06 3.79013e-05 -2.3709e-07-3.53312e-06 -8.8946e-05
  -6.00249e-06 -2.3709e-07 2.80481e-05-1.86071e-06 1.58272e-05
  -9.59244e-06-3.53312e-06-1.86071e-06 7.03197e-06 6.34998e-05
  -0.000429537 -8.8946e-05 1.58272e-05 6.34998e-05  0.00239362 ]
pos/mom/mf  (62.0362,-0.992265,70.1392)   (-0.654791,0.434502,0.148811)   (0.00880424,-0.000140823,3.80522) 
%MSG
%MSG-w BasicTrajectoryState:  TrackRefitter:TrackRefitter  09-May-2016 13:51:52 CEST Run: 251721 Event: 243305979
curv error not pos-def
[  -6.2753e-06 9.17892e-06-6.70132e-06 4.13609e-05-0.000523801
   9.17892e-06 3.79035e-05 8.21352e-07-1.41197e-05-0.000476339
  -6.70132e-06 8.21352e-07 2.59968e-05  -0.0002709-3.88023e-05
   4.13609e-05-1.41197e-05  -0.0002709   0.0028063 0.000339092
  -0.000523801-0.000476339-3.88023e-05 0.000339092  0.00816617 ]
pos/mom/mf  (70.7815,-5.91738,68.2361)   (-0.71099,0.334664,0.148935)   (0.00976035,-0.000815972,3.8069) 
%MSG
%MSG-w BasicTrajectoryState:  TrackRefitter:TrackRefitter  09-May-2016 13:51:52 CEST Run: 251721 Event: 243305979
local error not pos-def
[  -6.2753e-06 4.65691e-06-1.09941e-05 9.55929e-06 0.000537646
   4.65691e-06 3.02733e-05 2.15205e-06-0.000315447-6.95504e-05
  -1.09941e-05 2.15205e-06 4.54814e-05-1.80978e-05-0.000523068
   9.55929e-06-0.000315447-1.80978e-05  0.00325532 0.000680004
   0.000537646-6.95504e-05-0.000523068 0.000680004   0.0083406 ]
pos/mom/mf  (70.7815,-5.91738,68.2361)   (-0.71099,0.334664,0.148935)   (0.00976035,-0.000815972,3.8069) 
%MSG
%MSG-w BasicTrajectoryState:  TrackRefitter:TrackRefitter  09-May-2016 13:51:52 CEST Run: 251721 Event: 243305979
local error not pos-def
[  -2.5536e-06 5.58099e-06-1.09411e-05 2.31005e-08 0.000535654
   5.58099e-06 7.40356e-06-1.44414e-07-7.62294e-07-3.81582e-06
  -1.09411e-05-1.44414e-07 5.26017e-05-4.37342e-08-0.000519297
   2.31005e-08-7.62294e-07-4.37342e-08 7.86664e-06 1.64327e-06
   0.000535654-3.81582e-06-0.000519297 1.64327e-06  0.00819889 ]
pos/mom/mf  (70.5189,-8.70628,69.1195)   (-0.631342,0.490504,0.10649)   (0.00984619,-0.00121561,3.80666) 
%MSG
%MSG-w BasicTrajectoryState:  TrackRefitter:TrackRefitter  09-May-2016 13:51:52 CEST Run: 251721 Event: 243305979
curv error not pos-def
[  -2.5536e-06 8.17056e-06-6.12438e-06 4.49563e-05-0.000524575
   8.17056e-06  3.5401e-05-3.50177e-06 3.56358e-05-0.000417066
  -6.12438e-06-3.50177e-06 4.23524e-06-5.15052e-06 5.41946e-05
   4.49563e-05 3.56358e-05-5.15052e-06 6.31151e-05-0.000671725
  -0.000524575-0.000417066 5.41946e-05-0.000671725   0.0078639 ]
pos/mom/mf  (70.5189,-8.70628,69.1195)   (-0.631342,0.490504,0.10649)   (0.00984619,-0.00121561,3.80666) 
%MSG
%MSG-w BasicTrajectoryState:  TrackRefitter:TrackRefitter  09-May-2016 13:51:52 CEST Run: 251721 Event: 243305979
curv error not pos-def
[  -2.5536e-06 8.17065e-06 -6.1347e-06 4.76025e-05-0.000528866
   8.17065e-06 3.54013e-05-3.44913e-06 3.70126e-05-0.000435505
   -6.1347e-06-3.44913e-06 4.16117e-06-6.97951e-06 5.28045e-05
   4.76025e-05 3.70126e-05-6.97951e-06 6.80262e-05 -0.00071038
  -0.000528866-0.000435505 5.28045e-05 -0.00071038  0.00830833 ]
pos/mom/mf  (70.9268,-9.02085,69.0509)   (-0.634932,0.485847,0.106498)   (0.00989252,-0.00125818,3.80674) 
%MSG
%MSG-w BasicTrajectoryState:  TrackRefitter:TrackRefitter  09-May-2016 13:51:52 CEST Run: 251721 Event: 243305979
local error not pos-def
[  -2.5536e-06 6.56603e-06 1.02714e-05 5.61715e-05 0.000537426
   6.56603e-06 7.54674e-06 4.37727e-06 8.27711e-06 4.39505e-05
   1.02714e-05 4.37727e-06 5.15938e-05 5.30136e-05 0.000534146
   5.61715e-05 8.27711e-06 5.30136e-05 9.47188e-05 0.000852235
   0.000537426 4.39505e-05 0.000534146 0.000852235  0.00857319 ]
pos/mom/mf  (70.9268,-9.02085,69.0509)   (-0.634932,0.485847,0.106498)   (0.00989252,-0.00125818,3.80674) 
%MSG
%MSG-w BasicTrajectoryState:  TrackRefitter:TrackRefitter  09-May-2016 13:51:52 CEST Run: 251721 Event: 243305979
local error not pos-def
[ -2.90821e-05 2.06016e-06-1.85881e-05 4.60861e-06 7.34878e-05
   2.06016e-06 1.94405e-05  1.0068e-06 6.79099e-07-2.44127e-05
  -1.85881e-05  1.0068e-06    3.36e-05 4.34952e-06 9.62902e-05
   4.60861e-06 6.79099e-07 4.34952e-06 7.77125e-06 6.99219e-05
   7.34878e-05-2.44127e-05 9.62902e-05 6.99219e-05  0.00153432 ]
pos/mom/mf  (70.8947,-9.34164,66.1385)   (-0.526183,0.419637,0.190581)   (0.00948289,-0.00124954,3.80752) 
%MSG
%MSG-w BasicTrajectoryState:  TrackRefitter:TrackRefitter  09-May-2016 13:51:52 CEST Run: 251721 Event: 243305979
curv error not pos-def
[ -2.90821e-05-1.46543e-05-1.80882e-06 3.85625e-06-7.00381e-05
  -1.46543e-05 2.02756e-05 7.12242e-07  2.7522e-06-7.41401e-05
  -1.80882e-06 7.12242e-07 9.43101e-06-7.13643e-07-9.45468e-06
   3.85625e-06  2.7522e-06-7.13643e-07 5.44155e-06-5.53367e-05
  -7.00381e-05-7.41401e-05-9.45468e-06-5.53367e-05  0.00140122 ]
pos/mom/mf  (70.8947,-9.34164,66.1385)   (-0.526183,0.419637,0.190581)   (0.00948289,-0.00124954,3.80752) 
%MSG
%MSG-w BasicTrajectoryState:  TrackRefitter:TrackRefitter  09-May-2016 13:51:52 CEST Run: 251721 Event: 243305979
curv error not pos-def
[ -2.90821e-05-1.46559e-05   -3.64e-06 1.76721e-05 1.09773e-05
  -1.46559e-05 2.02733e-05-2.13322e-07-1.79187e-06-0.000186561
     -3.64e-06-2.13322e-07 9.01395e-06-4.96115e-05-1.21166e-05
   1.76721e-05-1.79187e-06-4.96115e-05 0.000276619 5.31736e-05
   1.09773e-05-0.000186561-1.21166e-05 5.31736e-05  0.00284715 ]
pos/mom/mf  (75.2103,-12.4747,64.6275)   (-0.561957,0.370325,0.190653)   (0.00982464,-0.00162955,3.80858) 
%MSG
%MSG-w BasicTrajectoryState:  TrackRefitter:TrackRefitter  09-May-2016 13:51:52 CEST Run: 251721 Event: 243305979
local error not pos-def
[ -2.90821e-05 4.03339e-06-1.64442e-05 1.87663e-05-9.62397e-06
   4.03339e-06 1.09489e-05 2.29522e-07 5.77575e-05-2.37085e-05
  -1.64442e-05 2.29522e-07 2.66767e-05 3.48103e-06 0.000220272
   1.87663e-05 5.77575e-05 3.48103e-06 0.000312126-2.67599e-05
  -9.62397e-06-2.37085e-05 0.000220272-2.67599e-05  0.00306933 ]
pos/mom/mf  (75.2103,-12.4747,64.6275)   (-0.561957,0.370325,0.190653)   (0.00982464,-0.00162955,3.80858) 
%MSG
%MSG-w BasicTrajectoryState:  TrackRefitter:TrackRefitter  09-May-2016 13:51:52 CEST Run: 251721 Event: 243305979
local error not pos-def
[ -2.21158e-05 8.00352e-07-1.66391e-05 1.29469e-06-8.12606e-06
   8.00352e-07 1.83719e-05 1.29743e-06 3.98469e-06-1.90983e-05
  -1.66391e-05 1.29743e-06 4.34376e-05 2.40156e-07 0.000220549
   1.29469e-06 3.98469e-06 2.40156e-07 2.15336e-05-1.84616e-06
  -8.12606e-06-1.90983e-05 0.000220549-1.84616e-06   0.0030672 ]
pos/mom/mf  (74.7283,-14.4565,64.8017)   (-0.401735,0.47887,0.163023)   (0.00978759,-0.00189345,3.80852) 
%MSG
%MSG-w BasicTrajectoryState:  TrackRefitter:TrackRefitter  09-May-2016 13:51:52 CEST Run: 251721 Event: 243305979
curv error not pos-def
[ -2.21158e-05-1.26351e-05-5.08169e-07 1.05032e-06 8.05481e-06
  -1.26351e-05 2.46987e-05 2.44031e-08-3.82519e-07-0.000163003
  -5.08169e-07 2.44031e-08 7.73037e-06-2.24971e-06 7.02195e-07
   1.05032e-06-3.82519e-07-2.24971e-06 1.39764e-05 6.75529e-06
   8.05481e-06-0.000163003 7.02195e-07 6.75529e-06  0.00287181 ]
pos/mom/mf  (74.7283,-14.4565,64.8017)   (-0.401735,0.47887,0.163023)   (0.00978759,-0.00189345,3.80852) 
%MSG
%MSG-w BasicTrajectoryState:  TrackRefitter:TrackRefitter  09-May-2016 13:51:52 CEST Run: 251721 Event: 243305979
curv error not pos-def
[ -2.21158e-05-1.26385e-05-3.53308e-06  2.9417e-05 0.000160533
  -1.26385e-05 2.46945e-05-1.73312e-06-7.27817e-06-0.000461978
  -3.53308e-06-1.73312e-06 6.83477e-06-8.55281e-05 2.54834e-05
    2.9417e-05-7.27817e-06-8.55281e-05  0.00109466 0.000257282
   0.000160533-0.000461978 2.54834e-05 0.000257282   0.0104318 ]
pos/mom/mf  (83.1639,-22.5648,61.7423)   (-0.494361,0.382433,0.163206)   (0.010362,-0.0028115,3.81085) 
%MSG
%MSG-w BasicTrajectoryState:  TrackRefitter:TrackRefitter  09-May-2016 13:51:52 CEST Run: 251721 Event: 243305979
local error not pos-def
[ -2.21158e-05 4.42717e-06 1.36875e-05-3.04236e-05-0.000163819
   4.42717e-06 6.90426e-06 -5.3076e-08-9.04535e-05-1.73244e-05
   1.36875e-05 -5.3076e-08 3.02319e-05-1.97331e-06-0.000526706
  -3.04236e-05-9.04535e-05-1.97331e-06  0.00117574 0.000191051
  -0.000163819-1.73244e-05-0.000526706 0.000191051   0.0111082 ]
pos/mom/mf  (83.1639,-22.5648,61.7423)   (-0.494361,0.382433,0.163206)   (0.010362,-0.0028115,3.81085) 
%MSG
%MSG-w BasicTrajectoryState:  TrackRefitter:TrackRefitter  09-May-2016 13:51:52 CEST Run: 251721 Event: 243305979
local error not pos-def
[ -1.46045e-05 2.12755e-06 1.36373e-05-5.32413e-07-0.000158962
   2.12755e-06 1.57874e-05-1.27899e-06-1.58294e-06-2.88339e-06
   1.36373e-05-1.27899e-06 4.59287e-05-3.45329e-08-0.000526391
  -5.32413e-07-1.58294e-06-3.45329e-08 2.05755e-05  3.3434e-06
  -0.000158962-2.88339e-06-0.000526391  3.3434e-06   0.0110777 ]
pos/mom/mf  (80.7235,-28.4615,62.7758)   (-0.287865,0.495493,0.11851)   (0.0102236,-0.00360464,3.8105) 
%MSG
%MSG-w BasicTrajectoryState:  TrackRefitter:TrackRefitter  09-May-2016 13:51:52 CEST Run: 251721 Event: 243305979
curv error not pos-def
[ -1.46045e-05-1.05994e-05-7.25319e-07  4.4466e-07 0.000155755
  -1.05994e-05 2.66516e-05-1.24297e-06-1.95358e-07-0.000393299
  -7.25319e-07-1.24297e-06 6.48606e-06 -9.6874e-07 4.07434e-05
    4.4466e-07-1.95358e-07 -9.6874e-07 1.30003e-05 6.06968e-06
   0.000155755-0.000393299 4.07434e-05 6.06968e-06   0.0106275 ]
pos/mom/mf  (80.7235,-28.4615,62.7758)   (-0.287865,0.495493,0.11851)   (0.0102236,-0.00360464,3.8105) 
%MSG
%MSG-w BasicTrajectoryState:  TrackRefitter:TrackRefitter  09-May-2016 13:51:52 CEST Run: 251721 Event: 243305979
local error not pos-def
[ -1.81852e-05 5.59892e-06 1.06944e-06 2.88881e-05 0.000378306
   5.59892e-06 4.05485e-05 3.49673e-06  3.5792e-06 1.47577e-05
   1.06944e-06 3.49673e-06 4.19701e-05 1.66493e-06 4.27315e-05
   2.88881e-05  3.5792e-06 1.66493e-06 1.58496e-05 0.000123769
   0.000378306 1.47577e-05 4.27315e-05 0.000123769  0.00176201 ]
pos/mom/mf  (62.0296,-1.10117,74.6607)   (-0.564773,0.343448,0.126065)   (0.00935249,-0.000166029,3.80392) 
%MSG
%MSG-w BasicTrajectoryState:  TrackRefitter:TrackRefitter  09-May-2016 13:51:52 CEST Run: 251721 Event: 243305979
curv error not pos-def
[ -1.81852e-05 9.65156e-07-5.39164e-06-8.05885e-06-0.000373379
   9.65156e-07 3.07491e-05 9.26779e-08-1.96153e-06-3.61796e-05
  -5.39164e-06 9.26779e-08 2.43069e-05-1.51922e-06 1.31516e-05
  -8.05885e-06-1.96153e-06-1.51922e-06 6.77432e-06 4.63214e-05
  -0.000373379-3.61796e-05 1.31516e-05 4.63214e-05  0.00171618 ]
pos/mom/mf  (62.0296,-1.10117,74.6607)   (-0.564773,0.343448,0.126065)   (0.00935249,-0.000166029,3.80392) 
%MSG
%MSG-w BasicTrajectoryState:  TrackRefitter:TrackRefitter  09-May-2016 13:51:52 CEST Run: 251721 Event: 243305979
local error not pos-def
[ -2.70802e-05 5.41642e-06 1.06456e-05 3.55542e-06 0.000217917
   5.41642e-06 7.21656e-06 7.33192e-08-7.30672e-07-1.36063e-05
   1.06456e-05 7.33192e-08 3.00661e-05-3.01536e-06-0.000190765
   3.55542e-06-7.30672e-07-3.01536e-06 7.34008e-06 4.63664e-05
   0.000217917-1.36063e-05-0.000190765 4.63664e-05  0.00287413 ]
pos/mom/mf  (70.5364,-8.52514,71.8296)   (-0.405984,0.283735,0.203897)   (0.0102227,-0.00123554,3.8059) 
%MSG
%MSG-w BasicTrajectoryState:  TrackRefitter:TrackRefitter  09-May-2016 13:51:52 CEST Run: 251721 Event: 243305979
curv error not pos-def
[ -2.70802e-05-8.93682e-06-5.21478e-06 1.57826e-05-0.000197447
  -8.93682e-06 1.61934e-05-1.64105e-06 1.01994e-05-0.000128085
  -5.21478e-06-1.64105e-06 4.56023e-06-2.54279e-06 2.67755e-05
   1.57826e-05 1.01994e-05-2.54279e-06 2.00795e-05-0.000187416
  -0.000197447-0.000128085 2.67755e-05-0.000187416  0.00235977 ]
pos/mom/mf  (70.5364,-8.52514,71.8296)   (-0.405984,0.283735,0.203897)   (0.0102227,-0.00123554,3.8059) 
%MSG
%MSG-w BasicTrajectoryState:  TrackRefitter:TrackRefitter  09-May-2016 13:51:52 CEST Run: 251721 Event: 243305979
local error not pos-def
[ -3.63657e-05 2.02478e-06-1.99605e-05 5.86926e-06 9.70024e-05
   2.02478e-06 1.70483e-05 9.20901e-07 3.50244e-07-2.40906e-05
  -1.99605e-05 9.20901e-07 2.79571e-05 4.32411e-06 9.36371e-05
   5.86926e-06 3.50244e-07 4.32411e-06 7.46295e-06 6.51188e-05
   9.70024e-05-2.40906e-05 9.36371e-05 6.51188e-05  0.00144231 ]
pos/mom/mf  (70.9172,-9.12871,69.8738)   (-0.212147,0.159549,0.243249)   (0.0100055,-0.00128794,3.80652) 
%MSG
%MSG-w BasicTrajectoryState:  TrackRefitter:TrackRefitter  09-May-2016 13:51:52 CEST Run: 251721 Event: 243305979
curv error not pos-def
[ -3.63657e-05-9.71031e-06-3.62323e-06 4.99813e-06-6.94945e-05
  -9.71031e-06 6.66249e-06 1.37198e-06 1.63948e-06-3.52788e-05
  -3.62323e-06 1.37198e-06 8.95224e-06 -1.4839e-06 9.87428e-06
   4.99813e-06 1.63948e-06 -1.4839e-06 5.41483e-06-3.86599e-05
  -6.94945e-05-3.52788e-05 9.87428e-06-3.86599e-05 0.000752096 ]
pos/mom/mf  (70.9172,-9.12871,69.8738)   (-0.212147,0.159549,0.243249)   (0.0100055,-0.00128794,3.80652) 
%MSG
%MSG-w BasicTrajectoryState:  TrackRefitter:TrackRefitter  09-May-2016 13:51:52 CEST Run: 251721 Event: 243305979
local error not pos-def
[ -4.09448e-05 1.15769e-06-2.19971e-05 3.87611e-06 2.78613e-05
   1.15769e-06  1.6839e-05 2.06255e-06 3.51162e-06-1.51493e-05
  -2.19971e-05 2.06255e-06 2.80815e-05 1.76533e-06 0.000172041
   3.87611e-06 3.51162e-06 1.76533e-06 2.09837e-05 -2.9704e-06
   2.78613e-05-1.51493e-05 0.000172041 -2.9704e-06  0.00273844 ]
pos/mom/mf  (74.9141,-13.6726,68.9333)   (-0.0417266,0.0362636,0.144797)   (0.0104188,-0.00190154,3.80744) 
%MSG
%MSG-w BasicTrajectoryState:  TrackRefitter:TrackRefitter  09-May-2016 13:51:52 CEST Run: 251721 Event: 243305979
curv error not pos-def
[ -4.09448e-05-2.63215e-06-2.90288e-06  3.4212e-06-8.25376e-06
  -2.63215e-06 5.96715e-07 1.52977e-07-2.63134e-07-7.63642e-06
  -2.90288e-06 1.52977e-07 2.19494e-05-2.35502e-06 6.19939e-05
    3.4212e-06-2.63134e-07-2.35502e-06 1.65665e-05 9.71178e-06
  -8.25376e-06-7.63642e-06 6.19939e-05 9.71178e-06  0.00035163 ]
pos/mom/mf  (74.9141,-13.6726,68.9333)   (-0.0417266,0.0362636,0.144797)   (0.0104188,-0.00190154,3.80744) 
%MSG
%MSG-w BasicTrajectoryState:  TrackRefitter:TrackRefitter  09-May-2016 13:51:52 CEST Run: 251721 Event: 243305979
local error not pos-def
[ -2.02459e-05 8.80002e-07 1.22879e-05-5.09117e-07-0.000149032
   8.80002e-07 1.44879e-05-1.52366e-06-1.57641e-06 3.18341e-07
   1.22879e-05-1.52366e-06 3.35556e-05 6.06063e-08-0.000418896
  -5.09117e-07-1.57641e-06 6.06063e-08  2.0573e-05 2.40542e-06
  -0.000149032 3.18341e-07-0.000418896 2.40542e-06   0.0100316 ]
pos/mom/mf  (80.7214,-28.4639,60.5444)   (0.275181,-0.288678,-0.140015)   (0.0098691,-0.00348003,3.81104) 
%MSG
%MSG-w BasicTrajectoryState:  TrackRefitter:TrackRefitter  09-May-2016 13:51:52 CEST Run: 251721 Event: 243305979
curv error not pos-def
[ -2.02459e-05 1.01099e-05-2.06697e-06 -5.0908e-07 0.000140717
   1.01099e-05 2.21675e-05-3.41732e-06-2.20596e-07 0.000322033
  -2.06697e-06-3.41732e-06 1.09042e-05 1.05664e-06-8.46671e-05
   -5.0908e-07-2.20596e-07 1.05664e-06 1.72023e-05-7.35692e-06
   0.000140717 0.000322033-8.46671e-05-7.35692e-06  0.00893581 ]
pos/mom/mf  (80.7214,-28.4639,60.5444)   (0.275181,-0.288678,-0.140015)   (0.0098691,-0.00348003,3.81104) 
%MSG
%MSG-w XrdAdaptor:  TrackTree:analysis 09-May-2016 13:54:12 CEST  Run: 251721 Event: 243001855
Data is now served from fnal.gov instead of previous lnl.infn.it, fnal.gov
%MSG
Begin processing the 25001st record. Run 251721, Event 243009498, LumiSection 188 at 09-May-2016 13:54:21.728 CEST
Number of events written in the tree: 30000
Begin processing the 30001st record. Run 251721, Event 245970518, LumiSection 189 at 09-May-2016 13:58:14.280 CEST
09-May-2016 14:01:03 CEST  Closed file root://xrootd-cms.infn.it//store/data/Run2015B/ZeroBias3/RECO/16Oct2015-v1/10000/84AE3127-5F79-E511-8AD2-0026189438A9.root
09-May-2016 14:01:03 CEST  Initiating request to open file root://xrootd-cms.infn.it//store/data/Run2015B/ZeroBias3/RECO/16Oct2015-v1/10000/86D923BF-5C79-E511-BBF7-0025905A6126.root
%MSG-w XrdAdaptor:  file_open 09-May-2016 14:01:04 CEST PostProcessEvent
Data is served from lnl.infn.it instead of original site infn.it
%MSG
09-May-2016 14:01:04 CEST  Successfully opened file root://xrootd-cms.infn.it//store/data/Run2015B/ZeroBias3/RECO/16Oct2015-v1/10000/86D923BF-5C79-E511-BBF7-0025905A6126.root
09-May-2016 14:01:09 CEST  Closed file root://xrootd-cms.infn.it//store/data/Run2015B/ZeroBias3/RECO/16Oct2015-v1/10000/86D923BF-5C79-E511-BBF7-0025905A6126.root
n track max = 382
n particle max = 0
n HF tower max = 556
n HF rechit max = 1723
n vertex max = 7
Number of events written in the tree: 33451

=============================================

MessageLogger Summary

 type     category        sev    module        subroutine        count    total
 ---- -------------------- -- ---------------- ----------------  -----    -----
    1 BasicTrajectoryState -w TrackRefitter:Tr                      28       28
    2 XrdAdaptor           -w (NoModuleName)                         2        2
    3 XrdAdaptor           -w AfterFile                              1        1
    4 XrdAdaptor           -w TrackTree:analys                       1        1
    5 XrdAdaptor           -w file_open                              8        8
    6 RunLumiMerging       -e source                                 1        1
    7 fileAction           -s file_close                             8        8
    8 fileAction           -s file_open                             16       16

 type    category    Examples: run/evt        run/evt          run/evt
 ---- -------------------- ---------------- ---------------- ----------------
    1 BasicTrajectoryState 251721/243305979 251721/243305979 251721/243305979
    2 XrdAdaptor           pre-events       pre-events       
    3 XrdAdaptor           BeforeEvents                      
    4 XrdAdaptor           251721/243001855                  
    5 XrdAdaptor           pre-events       BeforeEvents     PostProcessEvent
    6 RunLumiMerging       PostProcessEvent                  
    7 fileAction           BeforeEvents     BeforeEvents     PostEndRun
    8 fileAction           pre-events       pre-events       PostProcessEvent

Severity    # Occurrences   Total Occurrences
--------    -------------   -----------------
Warning                40                  40
Error                   1                   1
System                 24                  24
