10-May-2016 09:50:08 CEST  Initiating request to open file root://xrootd-cms.infn.it//store/mc/RunIISpring15DR74/MinBias_TuneCUETP8M1_13TeV-pythia8/GEN-SIM-RECODEBUG/PU1p3RealisticRecodebug_741_p1_mcRun2_Realistic_50ns_v0-v2/10000/1C29EEB3-F266-E511-89CA-0026189438AA.root
[2016-05-10 09:53:09.525365 +0200][Error  ][XRootD            ] [cmsrm-xrootd01.roma1.infn.it:1094] Handling error while processing kXR_open (file: /store/mc/RunIISpring15DR74/MinBias_TuneCUETP8M1_13TeV-pythia8/GEN-SIM-RECODEBUG/PU1p3RealisticRecodebug_741_p1_mcRun2_Realistic_50ns_v0-v2/10000/1C29EEB3-F266-E511-89CA-0026189438AA.root, mode: 0660, flags: kXR_open_read kXR_async kXR_retstat ): [ERROR] Operation expired.
[2016-05-10 09:53:09.525608 +0200][Error  ][XRootD            ] [cmsrm-xrootd01.roma1.infn.it:1094] Unable to get the response to request kXR_open (file: /store/mc/RunIISpring15DR74/MinBias_TuneCUETP8M1_13TeV-pythia8/GEN-SIM-RECODEBUG/PU1p3RealisticRecodebug_741_p1_mcRun2_Realistic_50ns_v0-v2/10000/1C29EEB3-F266-E511-89CA-0026189438AA.root, mode: 0660, flags: kXR_open_read kXR_async kXR_retstat )
%MSG-w XrdAdaptorInternal:  file_open 10-May-2016 09:53:09 CEST pre-events
Failed to open file at URL root://cmsrm-xrootd01.roma1.infn.it:1094//store/mc/RunIISpring15DR74/MinBias_TuneCUETP8M1_13TeV-pythia8/GEN-SIM-RECODEBUG/PU1p3RealisticRecodebug_741_p1_mcRun2_Realistic_50ns_v0-v2/10000/1C29EEB3-F266-E511-89CA-0026189438AA.root.
%MSG
[2016-05-10 09:54:05.355860 +0200][Error  ][XRootDTransport   ] Message 0x4138b0a0, stream [1, 0] is a response that we're no longer interested in (timed out)
%MSG-w XrdAdaptor:  file_open 10-May-2016 09:54:05 CEST pre-events
Data is served from roma1.infn.it instead of original site infn.it
%MSG
10-May-2016 09:54:06 CEST  Successfully opened file root://xrootd-cms.infn.it//store/mc/RunIISpring15DR74/MinBias_TuneCUETP8M1_13TeV-pythia8/GEN-SIM-RECODEBUG/PU1p3RealisticRecodebug_741_p1_mcRun2_Realistic_50ns_v0-v2/10000/1C29EEB3-F266-E511-89CA-0026189438AA.root
you are going to run on PYTHIA8-CUETP8M1-38T-PU1p3

Begin processing the 1st record. Run 1, Event 114995897, LumiSection 622273 at 10-May-2016 09:54:44.265 CEST
Begin processing the 2001st record. Run 1, Event 115003441, LumiSection 622313 at 10-May-2016 09:56:00.125 CEST
Begin processing the 4001st record. Run 1, Event 115220057, LumiSection 623485 at 10-May-2016 09:57:07.462 CEST
Begin processing the 6001st record. Run 1, Event 115393521, LumiSection 624424 at 10-May-2016 09:58:27.743 CEST
Begin processing the 8001st record. Run 1, Event 115770665, LumiSection 626465 at 10-May-2016 09:59:46.771 CEST
%MSG-w OutOfBounds:  TrackRefitter:TrackRefitter 10-May-2016 10:00:18 CEST  Run: 1 Event: 115779619
Prob Q outside the bounds of the quality word. Defaulting to Prob=0. Prob = 1 QualityWord = 21
%MSG
Number of events written in the tree: 10000
Begin processing the 10001st record. Run 1, Event 115780457, LumiSection 626518 at 10-May-2016 10:00:46.870 CEST
Begin processing the 12001st record. Run 1, Event 115983889, LumiSection 627618 at 10-May-2016 10:01:49.276 CEST
Begin processing the 14001st record. Run 1, Event 116070897, LumiSection 628089 at 10-May-2016 10:02:48.683 CEST
10-May-2016 10:02:50 CEST  Closed file root://xrootd-cms.infn.it//store/mc/RunIISpring15DR74/MinBias_TuneCUETP8M1_13TeV-pythia8/GEN-SIM-RECODEBUG/PU1p3RealisticRecodebug_741_p1_mcRun2_Realistic_50ns_v0-v2/10000/1C29EEB3-F266-E511-89CA-0026189438AA.root
10-May-2016 10:02:50 CEST  Initiating request to open file root://xrootd-cms.infn.it//store/mc/RunIISpring15DR74/MinBias_TuneCUETP8M1_13TeV-pythia8/GEN-SIM-RECODEBUG/PU1p3RealisticRecodebug_741_p1_mcRun2_Realistic_50ns_v0-v2/10000/1C933C83-F266-E511-8532-0025907FD424.root
%MSG-w XrdAdaptor:  file_open 10-May-2016 10:02:51 CEST PostProcessEvent
Data is served from roma1.infn.it instead of original site infn.it
%MSG
10-May-2016 10:02:52 CEST  Successfully opened file root://xrootd-cms.infn.it//store/mc/RunIISpring15DR74/MinBias_TuneCUETP8M1_13TeV-pythia8/GEN-SIM-RECODEBUG/PU1p3RealisticRecodebug_741_p1_mcRun2_Realistic_50ns_v0-v2/10000/1C933C83-F266-E511-8532-0025907FD424.root
Begin processing the 16001st record. Run 1, Event 144728137, LumiSection 783161 at 10-May-2016 10:04:30.825 CEST
Begin processing the 18001st record. Run 1, Event 144729337, LumiSection 783167 at 10-May-2016 10:05:59.319 CEST
Number of events written in the tree: 20000
Begin processing the 20001st record. Run 1, Event 145098041, LumiSection 785163 at 10-May-2016 10:07:50.438 CEST
Begin processing the 22001st record. Run 1, Event 147320137, LumiSection 797187 at 10-May-2016 10:08:55.743 CEST
Begin processing the 24001st record. Run 1, Event 147878785, LumiSection 800210 at 10-May-2016 10:10:14.399 CEST
Begin processing the 26001st record. Run 1, Event 147948761, LumiSection 800588 at 10-May-2016 10:11:30.412 CEST
Begin processing the 28001st record. Run 1, Event 153891529, LumiSection 832746 at 10-May-2016 10:12:29.936 CEST
10-May-2016 10:12:42 CEST  Closed file root://xrootd-cms.infn.it//store/mc/RunIISpring15DR74/MinBias_TuneCUETP8M1_13TeV-pythia8/GEN-SIM-RECODEBUG/PU1p3RealisticRecodebug_741_p1_mcRun2_Realistic_50ns_v0-v2/10000/1C933C83-F266-E511-8532-0025907FD424.root
10-May-2016 10:12:42 CEST  Initiating request to open file root://xrootd-cms.infn.it//store/mc/RunIISpring15DR74/MinBias_TuneCUETP8M1_13TeV-pythia8/GEN-SIM-RECODEBUG/PU1p3RealisticRecodebug_741_p1_mcRun2_Realistic_50ns_v0-v2/10000/1C94658F-F366-E511-98E3-002590AC4C7C.root
%MSG-w XrdAdaptor:  file_open 10-May-2016 10:12:44 CEST PostProcessEvent
Data is served from roma1.infn.it instead of original site infn.it
%MSG
10-May-2016 10:12:44 CEST  Successfully opened file root://xrootd-cms.infn.it//store/mc/RunIISpring15DR74/MinBias_TuneCUETP8M1_13TeV-pythia8/GEN-SIM-RECODEBUG/PU1p3RealisticRecodebug_741_p1_mcRun2_Realistic_50ns_v0-v2/10000/1C94658F-F366-E511-98E3-002590AC4C7C.root
Number of events written in the tree: 30000
Begin processing the 30001st record. Run 1, Event 59256649, LumiSection 320653 at 10-May-2016 10:13:29.746 CEST
Begin processing the 32001st record. Run 1, Event 59326625, LumiSection 321032 at 10-May-2016 10:14:24.237 CEST
Begin processing the 34001st record. Run 1, Event 59332321, LumiSection 321063 at 10-May-2016 10:15:32.608 CEST
Begin processing the 36001st record. Run 1, Event 61291353, LumiSection 331663 at 10-May-2016 10:16:41.898 CEST
%MSG-w BasicTrajectoryState:  TrackRefitter:TrackRefitter  10-May-2016 10:17:04 CEST Run: 1 Event: 61291894
local error not pos-def
[   0.00186276 0.000432372 6.35022e-06  9.4967e-06-0.000252083
   0.000432372-7.18832e-05 7.79983e-08-1.92004e-06 4.37014e-05
   6.35022e-06 7.79983e-08 2.30962e-06-1.17652e-06-7.06744e-05
    9.4967e-06-1.92004e-06-1.17652e-06 1.07419e-05  4.0747e-05
  -0.000252083 4.37014e-05-7.06744e-05  4.0747e-05  0.00236081 ]
pos/mom/mf  (-18.3366,-58.8619,90.8545)   (-0.109735,0.14304,0.0400477)   (-0.00334274,-0.0107305,3.79853) 
%MSG
%MSG-w BasicTrajectoryState:  TrackRefitter:TrackRefitter  10-May-2016 10:17:04 CEST Run: 1 Event: 61291894
curv error not pos-def
[   0.00186276-4.01221e-05  0.00014957 5.65952e-06 -0.00024774
  -4.01221e-05-1.31812e-09 1.96041e-06-2.78139e-07-4.33548e-05
    0.00014957 1.96041e-06-8.09296e-06  2.2685e-07 4.77377e-05
   5.65952e-06-2.78139e-07  2.2685e-07 3.78462e-06 2.23293e-05
   -0.00024774-4.33548e-05 4.77377e-05 2.23293e-05  0.00223623 ]
pos/mom/mf  (-18.3366,-58.8619,90.8545)   (-0.109735,0.14304,0.0400477)   (-0.00334274,-0.0107305,3.79853) 
%MSG
%MSG-w BasicTrajectoryState:  TrackRefitter:TrackRefitter  10-May-2016 10:17:04 CEST Run: 1 Event: 61291894
local error not pos-def
[  0.000466004 0.000583789-9.32301e-05 4.38771e-05 -0.00149352
   0.000583789 -0.00013059 2.19267e-05-1.07728e-05 0.000380771
  -9.32301e-05 2.19267e-05 1.08381e-05 4.00491e-06-1.60214e-05
   4.38771e-05-1.07728e-05 4.00491e-06 1.02322e-05 0.000116516
   -0.00149352 0.000380771-1.60214e-05 0.000116516  0.00060574 ]
pos/mom/mf  (-17.7758,-59.4741,87.7139)   (-0.236163,0.222651,0.0656708)   (-0.00313187,-0.0104786,3.7997) 
%MSG
%MSG-w BasicTrajectoryState:  TrackRefitter:TrackRefitter  10-May-2016 10:17:04 CEST Run: 1 Event: 61291894
curv error not pos-def
[  0.000466004-3.14792e-05 0.000107745-8.81604e-05 -0.00141825
  -3.14792e-05 2.34905e-06 1.14729e-06-1.63404e-06-3.82292e-05
   0.000107745 1.14729e-06-4.16474e-06 4.43142e-06 7.83442e-05
  -8.81604e-05-1.63404e-06 4.43142e-06-1.46011e-06 -2.4156e-05
   -0.00141825-3.82292e-05 7.83442e-05 -2.4156e-05 0.000617254 ]
pos/mom/mf  (-17.7758,-59.4741,87.7139)   (-0.236163,0.222651,0.0656708)   (-0.00313187,-0.0104786,3.7997) 
%MSG
Begin processing the 38001st record. Run 1, Event 62810961, LumiSection 339886 at 10-May-2016 10:17:59.069 CEST
Number of events written in the tree: 40000
Begin processing the 40001st record. Run 1, Event 62819553, LumiSection 339933 at 10-May-2016 10:19:11.380 CEST
Begin processing the 42001st record. Run 1, Event 64109209, LumiSection 346912 at 10-May-2016 10:20:19.621 CEST
10-May-2016 10:20:36 CEST  Closed file root://xrootd-cms.infn.it//store/mc/RunIISpring15DR74/MinBias_TuneCUETP8M1_13TeV-pythia8/GEN-SIM-RECODEBUG/PU1p3RealisticRecodebug_741_p1_mcRun2_Realistic_50ns_v0-v2/10000/1C94658F-F366-E511-98E3-002590AC4C7C.root
10-May-2016 10:20:36 CEST  Initiating request to open file root://xrootd-cms.infn.it//store/mc/RunIISpring15DR74/MinBias_TuneCUETP8M1_13TeV-pythia8/GEN-SIM-RECODEBUG/PU1p3RealisticRecodebug_741_p1_mcRun2_Realistic_50ns_v0-v2/10000/1E141635-F366-E511-B3C5-00261894393B.root
%MSG-w XrdAdaptor:  file_open 10-May-2016 10:20:37 CEST PostProcessEvent
Data is served from roma1.infn.it instead of original site infn.it
%MSG
10-May-2016 10:20:37 CEST  Successfully opened file root://xrootd-cms.infn.it//store/mc/RunIISpring15DR74/MinBias_TuneCUETP8M1_13TeV-pythia8/GEN-SIM-RECODEBUG/PU1p3RealisticRecodebug_741_p1_mcRun2_Realistic_50ns_v0-v2/10000/1E141635-F366-E511-B3C5-00261894393B.root
Begin processing the 44001st record. Run 1, Event 162340201, LumiSection 878464 at 10-May-2016 10:22:07.771 CEST
Begin processing the 46001st record. Run 1, Event 164492873, LumiSection 890113 at 10-May-2016 10:23:46.842 CEST
Begin processing the 48001st record. Run 1, Event 164594265, LumiSection 890662 at 10-May-2016 10:25:19.863 CEST
Number of events written in the tree: 50000
Begin processing the 50001st record. Run 1, Event 164725625, LumiSection 891373 at 10-May-2016 10:26:50.043 CEST
Begin processing the 52001st record. Run 1, Event 164818577, LumiSection 891876 at 10-May-2016 10:28:11.088 CEST
Begin processing the 54001st record. Run 1, Event 164856089, LumiSection 892078 at 10-May-2016 10:29:50.418 CEST
Begin processing the 56001st record. Run 1, Event 164882113, LumiSection 892219 at 10-May-2016 10:31:03.724 CEST
10-May-2016 10:31:23 CEST  Closed file root://xrootd-cms.infn.it//store/mc/RunIISpring15DR74/MinBias_TuneCUETP8M1_13TeV-pythia8/GEN-SIM-RECODEBUG/PU1p3RealisticRecodebug_741_p1_mcRun2_Realistic_50ns_v0-v2/10000/1E141635-F366-E511-B3C5-00261894393B.root
10-May-2016 10:31:23 CEST  Initiating request to open file root://xrootd-cms.infn.it//store/mc/RunIISpring15DR74/MinBias_TuneCUETP8M1_13TeV-pythia8/GEN-SIM-RECODEBUG/PU1p3RealisticRecodebug_741_p1_mcRun2_Realistic_50ns_v0-v2/10000/1E4A9AF7-F866-E511-B75C-0025905A60E0.root
%MSG-w XrdAdaptor:  file_open 10-May-2016 10:31:24 CEST PostProcessEvent
Data is served from roma1.infn.it instead of original site infn.it
%MSG
10-May-2016 10:31:25 CEST  Successfully opened file root://xrootd-cms.infn.it//store/mc/RunIISpring15DR74/MinBias_TuneCUETP8M1_13TeV-pythia8/GEN-SIM-RECODEBUG/PU1p3RealisticRecodebug_741_p1_mcRun2_Realistic_50ns_v0-v2/10000/1E4A9AF7-F866-E511-B75C-0025905A60E0.root
Begin processing the 58001st record. Run 1, Event 46923225, LumiSection 253914 at 10-May-2016 10:32:36.786 CEST
Number of events written in the tree: 60000
Begin processing the 60001st record. Run 1, Event 46962985, LumiSection 254129 at 10-May-2016 10:34:12.654 CEST
Begin processing the 62001st record. Run 1, Event 47748289, LumiSection 258378 at 10-May-2016 10:35:49.069 CEST
Begin processing the 64001st record. Run 1, Event 48856193, LumiSection 264374 at 10-May-2016 10:37:36.426 CEST
Begin processing the 66001st record. Run 1, Event 50791849, LumiSection 274848 at 10-May-2016 10:38:39.563 CEST
Begin processing the 68001st record. Run 1, Event 51104313, LumiSection 276538 at 10-May-2016 10:39:51.772 CEST
Number of events written in the tree: 70000
Begin processing the 70001st record. Run 1, Event 51690929, LumiSection 279713 at 10-May-2016 10:41:19.248 CEST
10-May-2016 10:41:55 CEST  Closed file root://xrootd-cms.infn.it//store/mc/RunIISpring15DR74/MinBias_TuneCUETP8M1_13TeV-pythia8/GEN-SIM-RECODEBUG/PU1p3RealisticRecodebug_741_p1_mcRun2_Realistic_50ns_v0-v2/10000/1E4A9AF7-F866-E511-B75C-0025905A60E0.root
n track max = 312
n particle max = 969
n HF tower max = 578
n HF rechit max = 872
n vertex max = 6
Number of events written in the tree: 70680

=============================================

MessageLogger Summary

 type     category        sev    module        subroutine        count    total
 ---- -------------------- -- ---------------- ----------------  -----    -----
    1 BasicTrajectoryState -w TrackRefitter:Tr                       4        4
    2 OutOfBounds          -w TrackRefitter:Tr                       1        1
    3 XrdAdaptor           -w file_open                              5        5
    4 XrdAdaptorInternal   -w file_open                              1        1
    5 fileAction           -s file_close                             5        5
    6 fileAction           -s file_open                             10       10

 type    category    Examples: run/evt        run/evt          run/evt
 ---- -------------------- ---------------- ---------------- ----------------
    1 BasicTrajectoryState 1/61291894       1/61291894       1/61291894
    2 OutOfBounds          1/115779619                       
    3 XrdAdaptor           pre-events       PostProcessEvent PostProcessEvent
    4 XrdAdaptorInternal   pre-events                        
    5 fileAction           PostProcessEvent PostProcessEvent PostEndRun
    6 fileAction           pre-events       pre-events       PostProcessEvent

Severity    # Occurrences   Total Occurrences
--------    -------------   -----------------
Warning                11                  11
System                 15                  15
